X = [
    0.000000000     2.000000000
    2.000000000     2.000000000
    4.000000000     2.000000000
    0.000000000     0.000000000
    2.000000000     0.000000000
    4.000000000     0.000000000
];

IX = [
     1      4      0      0
     1      5      0      0
     2      5      0      0
     3      5      0      0
     3      6      0      0
     4      5      0      0
     5      6      0      0
     1      2      0      0
     2      3      0      0
];
plotval = [
              -0.100000000000000
               0.141421356237310
              -0.000000000000000
              -0.141421356237310
               0.100000000000000
              -0.200000000000000
               0.000000000000000
               0.100000000000000
               0.100000000000000
];
