X = [
    0.000000000     2.000000000
    2.000000000     2.000000000
    4.000000000     2.000000000
    0.000000000     0.000000000
    2.000000000     0.000000000
    4.000000000     0.000000000
];

IX = [
     1      4      0      0
     1      5      0      0
     2      5      0      0
     3      5      0      0
     3      6      0      0
     4      5      0      0
     5      6      0      0
     1      2      0      0
     2      3      0      0
];
D = [
    0.000000000
   -0.200000000
    0.200000000
   -1.165685425
    0.400000000
   -2.531370850
    0.000000000
    0.000000000
   -0.400000000
   -1.165685425
   -0.400000000
   -2.731370850
];
